Run semi-empirical minimization
 &qmmm
    qm_theory='AM1', grms_tol=0.0005,
 scfconv=1.d-10, ndiis_attempts=700,   qmcharge=-4,
 /
  16     S      -36.3230      -34.6810       24.2950 
   6     C      -34.9450      -35.2240       23.4370 
   7     N      -33.8270      -34.9430       24.1300 
   6    C1      -34.0480      -34.4030       25.4050 
   6    C2      -35.3790      -34.2180       25.6950 
   6    C3      -35.9910      -33.8260       27.0090 
   6    C4      -36.3560      -32.3460       27.2040 
   8     O      -36.7330      -32.1670       28.5530 
  15     P      -37.9460      -31.0730       28.8720 
  15    P1      -39.9240      -33.3160       28.4880 
   7    N1      -30.0550      -32.1620       23.6090 
   8    O1      -37.6780      -29.7330       28.2890 
   8    O2      -40.1100      -33.2480       30.0580 
   6    C5      -30.6350      -31.3410       22.7120 
   8    O3      -38.0710      -31.1200       30.4170 
   8    O4      -38.8680      -34.3750       28.0700 
   7    N2      -31.7610      -31.6030       22.0610 
   8    O5      -39.2130      -31.7800       28.1710 
   8    O6      -41.1470      -33.3680       27.6390 
   6    C6      -32.4060      -32.7850       22.2680 
   7    N3      -33.5310      -33.0070       21.5900 
   6    C7      -31.8580      -33.7270       23.2130 
   6    C8      -30.6860      -33.3280       23.8310 
   6    C9      -32.4550      -35.0660       23.5700 
   6   C10      -29.9750      -30.0220       22.4260 
   6   C11      -32.9010      -34.2010       26.3350 
   1     H      -36.9120      -34.3970       27.2190 
   1    H1      -35.2710      -34.0890       27.8040 
   1    H2      -35.4920      -31.6960       26.9770 
   1    H3      -37.1730      -32.0700       26.5100 
   1    H4      -33.8450      -32.2780       20.9510 
   1    H5      -33.8620      -34.0170       21.4290 
   1    H6      -30.2180      -33.9990       24.5650 
   1    H7      -32.5390      -35.7470       22.7140 
   1    H8      -31.8220      -35.5530       24.3280 
   1    H9      -29.8780      -29.4340       23.3510 
   1   H10      -30.5490      -29.4490       21.6850 
   1   H11      -28.9520      -30.1750       22.0480 
   1   H12      -32.3260      -35.1380       26.4430 
   1   H13      -33.2730      -33.9010       27.3240 
   1   H14      -32.2110      -33.4180       25.9810 
   6     C      -34.7120      -37.5460       22.4390 
   6    C1      -35.0050      -35.9810       22.0980 
   8     O      -33.4610      -37.8290       22.5300 
   8    O2      -35.8040      -38.1790       22.9170 
   8    O3      -34.0540      -35.5080       21.2460 
   6   C12      -36.3800      -35.8250       21.4960 
   6   C13      -37.6450      -35.9850       22.1590 
   6   C14      -38.6500      -35.7600       21.2160 
   6   C15      -36.6700      -35.5100       20.1800 
   6   C16      -38.0350      -36.2960       23.4800 
   6   C17      -40.0140      -35.8330       21.5220 
   6   C18      -39.3940      -36.3700       23.8040 
   1     H      -37.2870      -36.4780       24.2500 
   6   C19      -40.3680      -36.1430       22.8370 
   1   H15      -40.7750      -35.6570       20.7690 
   1   H16      -39.6900      -36.6090       24.8240 
   1   H17      -41.4200      -36.2070       23.1070 
   7     N      -38.0290      -35.4740       20.0250 
   1   H18      -36.0280      -35.3090       19.3310 
   1   H19      -38.5130      -35.2670       19.1610 

