Run semi-empirical minimization
 &qmmm
    qm_theory='AM1', grms_tol=0.0005,
 scfconv=1.d-10, ndiis_attempts=700,   qmcharge=-5,
 /
  16     S      -36.3230      -34.6810       24.2950 
   6     C      -34.9450      -35.2240       23.4370 
   7     N      -33.8270      -34.9430       24.1300 
   6    C1      -34.0480      -34.4030       25.4050 
   6    C2      -35.3790      -34.2180       25.6950 
   6    C3      -35.9910      -33.8260       27.0090 
   6    C4      -36.3560      -32.3460       27.2040 
   8     O      -36.7330      -32.1670       28.5530 
  15     P      -37.9460      -31.0730       28.8720 
  15    P1      -39.9240      -33.3160       28.4880 
   7    N1      -30.0550      -32.1620       23.6090 
   8    O1      -37.6780      -29.7330       28.2890 
   8    O2      -40.1100      -33.2480       30.0580 
   6    C5      -30.6350      -31.3410       22.7120 
   8    O3      -38.0710      -31.1200       30.4170 
   8    O4      -38.8680      -34.3750       28.0700 
   7    N2      -31.7610      -31.6030       22.0610 
   8    O5      -39.2130      -31.7800       28.1710 
   8    O6      -41.1470      -33.3680       27.6390 
   6    C6      -32.4060      -32.7850       22.2680 
   7    N3      -33.5310      -33.0070       21.5900 
   6    C7      -31.8580      -33.7270       23.2130 
   6    C8      -30.6860      -33.3280       23.8310 
   6    C9      -32.4550      -35.0660       23.5700 
   6   C10      -29.9750      -30.0220       22.4260 
   6   C11      -32.9010      -34.2010       26.3350 
   1     H      -36.9120      -34.3970       27.2190 
   1    H1      -35.2710      -34.0890       27.8040 
   1    H2      -35.4920      -31.6960       26.9770 
   1    H3      -37.1730      -32.0700       26.5100 
   1    H4      -33.8450      -32.2780       20.9510 
   1    H5      -33.8620      -34.0170       21.4290 
   1    H6      -30.2180      -33.9990       24.5650 
   1    H7      -32.5390      -35.7470       22.7140 
   1    H8      -31.8220      -35.5530       24.3280 
   1    H9      -29.8780      -29.4340       23.3510 
   1   H10      -30.5490      -29.4490       21.6850 
   1   H11      -28.9520      -30.1750       22.0480 
   1   H12      -32.3260      -35.1380       26.4430 
   1   H13      -33.2730      -33.9010       27.3240 
   1   H14      -32.2110      -33.4180       25.9810 
   6     C      -34.7120      -37.5460       22.4390 
   6    C1      -35.0050      -35.9810       22.0980 
   8     O      -33.4610      -37.8290       22.5300 
   8    O2      -35.6570      -38.3300       22.5410 
   8    O3      -34.0540      -35.5080       21.2460 
   6   C12      -36.4030      -35.8230       21.4860 
   6   C13      -36.3540      -35.3460       20.0350 
   1     H      -36.9660      -35.1090       22.0970 
   1   H15      -36.9010      -36.7970       21.5350 
   6   C14      -37.7350      -35.4430       19.3820 
   1   H16      -35.6360      -35.9470       19.4650 
   1   H17      -35.9950      -34.3090       20.0030 
   6   C15      -37.7160      -34.9430       17.9370 
   1   H18      -38.4540      -34.8530       19.9630 
   1   H19      -38.0790      -36.4840       19.4040 
   6   C16      -39.0940      -35.0760       17.2860 
   1   H20      -36.9820      -35.5130       17.3520 
   1   H21      -37.3900      -33.8960       17.9180 
   6   C17      -39.1850      -34.2820       16.0030 
   1   H22      -39.8570      -34.7030       17.9780 
   1   H23      -39.3110      -36.1250       17.0580 
   8    O7      -38.2320      -33.9370       15.3220 
   8    O8      -40.4620      -34.0070       15.6500 

