Run semi-empirical minimization
 &qmmm
    qm_theory='AM1', grms_tol=0.0005,
 scfconv=1.d-10, ndiis_attempts=700,   qmcharge=-4,
 /
  16     S      -36.3230      -34.6810       24.2950 
   6     C      -34.9450      -35.2240       23.4370 
   7     N      -33.8270      -34.9430       24.1300 
   6    C1      -34.0480      -34.4030       25.4050 
   6    C2      -35.3790      -34.2180       25.6950 
   6    C3      -35.9910      -33.8260       27.0090 
   6    C4      -36.3560      -32.3460       27.2040 
   8     O      -36.7330      -32.1670       28.5530 
  15     P      -37.9460      -31.0730       28.8720 
  15    P1      -39.9240      -33.3160       28.4880 
   7    N1      -30.0550      -32.1620       23.6090 
   8    O1      -37.6780      -29.7330       28.2890 
   8    O2      -40.1100      -33.2480       30.0580 
   6    C5      -30.6350      -31.3410       22.7120 
   8    O3      -38.0710      -31.1200       30.4170 
   8    O4      -38.8680      -34.3750       28.0700 
   7    N2      -31.7610      -31.6030       22.0610 
   8    O5      -39.2130      -31.7800       28.1710 
   8    O6      -41.1470      -33.3680       27.6390 
   6    C6      -32.4060      -32.7850       22.2680 
   7    N3      -33.5310      -33.0070       21.5900 
   6    C7      -31.8580      -33.7270       23.2130 
   6    C8      -30.6860      -33.3280       23.8310 
   6    C9      -32.4550      -35.0660       23.5700 
   6   C10      -29.9750      -30.0220       22.4260 
   6   C11      -32.9010      -34.2010       26.3350 
   1     H      -36.9120      -34.3970       27.2190 
   1    H1      -35.2710      -34.0890       27.8040 
   1    H2      -35.4920      -31.6960       26.9770 
   1    H3      -37.1730      -32.0700       26.5100 
   1    H4      -33.8450      -32.2780       20.9510 
   1    H5      -33.8620      -34.0170       21.4290 
   1    H6      -30.2180      -33.9990       24.5650 
   1    H7      -32.5390      -35.7470       22.7140 
   1    H8      -31.8220      -35.5530       24.3280 
   1    H9      -29.8780      -29.4340       23.3510 
   1   H10      -30.5490      -29.4490       21.6850 
   1   H11      -28.9520      -30.1750       22.0480 
   1   H12      -32.3260      -35.1380       26.4430 
   1   H13      -33.2730      -33.9010       27.3240 
   1   H14      -32.2110      -33.4180       25.9810 
   6     C      -34.7120      -37.5460       22.4390 
   6    C1      -35.0050      -35.9810       22.0980 
   8     O      -33.4610      -37.8290       22.5300 
   8    O2      -35.6570      -38.3300       22.5410 
   8    O3      -34.0540      -35.5080       21.2460 
   6   C12      -41.2180      -39.3820       19.3180 
   6   C13      -40.5100      -38.0720       19.6220 
   1     H      -41.3340      -39.9880       20.2220 
   1   H15      -40.6620      -39.9680       18.5790 
   1   H16      -42.2160      -39.1850       18.9120 
   6   C14      -39.1390      -38.3000       20.2610 
   1   H17      -41.1360      -37.4750       20.2950 
   1   H18      -40.3980      -37.5020       18.6920 
   6   C15      -38.4470      -36.9670       20.5540 
   1   H19      -38.5130      -38.9020       19.5890 
   1   H20      -39.2550      -38.8680       21.1910 
   6   C16      -37.0750      -37.1650       21.2020 
   1   H21      -39.0790      -36.3660       21.2190 
   1   H22      -38.3320      -36.4040       19.6210 
   6   C17      -36.4050      -35.8220       21.4850 
   1   H23      -36.4370      -37.7650       20.5410 
   1   H24      -37.1820      -37.7300       22.1360 
   1   H25      -37.0150      -35.2380       22.1830 
   1   H26      -36.3050      -35.2600       20.5490 

